32 64
84 44 5 25 44 95 20 88 2 114 8 27 81 119 56 83 44 108 102 91 79 98 62 42 17 66 36 27 113 16 58 104
16 16 1
11 29 15
2 28 23
12 16 3
11 19 6
3 30 25
16 17 2
2 32 17
6 19 4
11 25 8
11 27 8
16 30 12
12 21 7
2 27 12
14 17 4
1 25 19
1 26 25
2 26 15
15 23 8
11 32 2
3 18 12
12 30 9
16 22 2
2 16 9
13 27 3
16 32 10
12 16 5
10 17 7
15 17 1
8 21 11
5 22 8
12 30 13
16 32 16
9 23 10
3 18 9
15 19 5
10 20 3
15 22 8
7 17 10
9 17 4
8 18 1
2 26 16
11 28 6
3 28 9
7 17 7
5 30 20
12 32 16
13 17 1
16 17 2
15 26 3
1 16 16
14 19 6
1 21 13
2 22 16
10 29 13
12 28 9
4 25 17
4 22 19
13 23 7
13 21 5
6 26 1
14 20 3
1 21 10
9 16 1
