64 128
146 142 74 69 118 45 35 134 150 105 142 96 188 232 19 84 99 79 23 53 80 37 101 184 14 104 140 220 186 177 249 8 216 207 57 174 67 72 242 129 7 75 245 75 100 202 27 41 251 87 56 92 240 129 147 130 182 42 185 231 37 222 6 6
26 51 19
27 54 14
21 38 13
12 50 3
31 36 1
28 50 13
31 64 27
3 58 4
1 61 42
30 59 27
10 58 17
24 55 19
23 41 17
4 60 38
7 64 6
2 55 3
28 36 4
4 35 24
32 48 6
7 61 44
1 44 2
9 57 31
16 43 28
14 51 27
14 33 13
9 48 28
5 33 9
19 46 5
6 59 23
22 32 6
3 51 17
32 38 5
14 53 7
19 34 9
25 56 17
30 39 7
28 59 17
18 59 5
24 43 19
19 47 26
3 55 34
3 62 28
3 46 14
23 57 8
26 56 30
15 41 11
24 51 17
15 64 27
10 46 9
18 63 25
12 53 10
10 40 3
8 36 14
32 60 8
10 38 29
18 48 4
3 39 16
16 38 11
2 55 27
29 39 9
31 46 7
8 43 28
21 54 28
20 35 6
4 34 24
1 51 10
19 48 5
30 33 3
32 52 10
12 57 42
11 33 6
1 42 5
30 47 15
8 32 7
25 61 4
24 58 25
22 50 12
28 37 8
24 43 19
14 54 23
29 43 14
9 57 30
5 47 21
7 41 4
17 41 11
32 36 2
3 42 22
29 61 20
30 42 11
32 60 11
1 61 38
24 47 5
10 62 32
5 37 3
26 56 12
11 62 14
18 50 20
12 41 24
13 45 25
14 38 6
4 56 31
21 51 27
4 57 33
15 60 19
25 42 4
11 50 24
17 53 20
16 32 6
9 43 18
10 60 45
32 55 2
18 57 2
11 36 13
28 51 6
28 36 7
17 62 31
16 60 33
13 38 21
28 32 4
28 46 15
6 44 28
19 37 2
22 64 32
20 46 19
11 44 22
5 52 32
15 61 25
19 38 12
