8
123
126
190
200
266
378
229
146
300
89
196
133
15
168
163
115
237
236
14
347
233
237
8
168
12
105
389
130
455
269
269
26
65
378
226
176
140
221
421
176
378
331
168
477
357
236
477
157
485
115
160
168
477
94
15
479
378
236
143
279
407
131
7
263
393
282
237
389
46
279
479
378
12
126
233
86
217
463
357
237
269
492
501
176
123
106
266
30
233
163
8
21
342
331
39
282
56
168
163
354
157
168
226
217
133
441
106
160
143
94
300
393
168
361
378
492
133
226
393
157
233
354
505
106
229
404
7
421
13
89
89
157
69
69
205
163
25
357
94
190
263
13
94
479
487
217
331
131
30
439
269
89
60
200
404
25
39
393
131
160
342
473
176
453
196
69
439
168
279
94
460
266
13
395
467
30
7
184
389
126
492
140
399
463
154
150
226
378
30
150
237
455
146
279
123
95
463
56
69
