128 200
47 117 70 221 209 87 493 23 337 103 300 10 407 418 505 34 236 347 26 342 131 236 439 154 496 465 196 56 300 46 168 391 300 130 184 460 389 404 487 7 201 200 123 229 89 133 25 146 282 160 8 13 15 176 150 421 69 399 143 157 492 233 217 126 95 194 279 479 237 331 266 263 393 94 357 106 463 12 290 105 441 269 160 168 14 30 473 291 226 190 477 109 21 140 455 39 361 163 60 128 26 205 380 65 354 30 395 378 80 86 453 194 430 50 501 485 115 467 255 484 454 122 152 445 357 160 465 136
28 78 2
24 79 14
64 74 3
15 92 36
2 74 36
47 93 31
14 127 83
28 83 32
16 89 25
9 84 51
35 72 7
12 105 47
45 102 21
38 70 4
8 115 47
31 101 32
22 123 27
56 71 9
22 115 56
57 88 2
9 110 75
50 77 16
61 77 8
34 103 2
37 91 24
32 112 3
48 108 16
3 82 62
5 85 24
20 122 90
8 114 67
38 128 58
18 76 6
50 127 13
41 124 64
51 98 27
47 84 19
44 98 19
3 103 56
39 100 54
35 68 17
49 118 53
49 81 25
29 121 40
13 110 93
56 127 48
15 116 59
56 99 42
30 115 35
55 127 71
41 117 24
35 100 29
42 88 23
63 104 41
55 87 5
43 75 3
29 92 62
61 108 38
19 93 45
57 65 4
24 71 33
5 103 83
4 118 38
32 64 1
43 77 24
57 79 19
5 92 57
54 121 37
22 84 49
24 94 10
12 90 51
37 74 36
54 114 47
64 85 1
58 69 2
60 71 6
49 125 16
39 89 29
3 86 77
50 114 49
64 81 8
53 84 21
18 89 71
62 122 61
13 77 27
7 72 16
51 122 20
26 87 40
49 121 9
54 67 10
43 122 37
18 99 2
40 99 7
15 73 44
56 91 26
17 115 13
10 128 74
3 81 12
27 112 40
62 103 17
22 112 67
42 108 29
8 75 28
60 95 18
41 74 21
43 116 27
41 86 43
64 88 7
23 77 22
58 96 13
63 83 2
7 117 75
54 80 22
57 93 15
1 97 75
22 112 70
51 91 41
23 85 19
28 91 36
49 118 55
60 91 9
23 76 32
13 112 73
11 74 64
52 80 8
12 101 51
34 107 64
36 82 1
46 103 51
50 76 2
19 90 13
17 100 16
34 76 18
53 91 5
44 90 8
38 110 42
5 115 47
43 92 6
17 95 61
64 77 1
60 107 22
34 98 42
6 99 5
34 91 11
55 115 59
12 108 94
53 73 10
64 90 21
11 71 17
44 114 10
20 88 60
29 112 55
24 102 16
43 111 12
6 115 56
33 118 71
5 126 10
5 115 16
52 75 20
17 74 16
62 108 18
12 80 50
2 104 96
33 95 29
22 116 83
6 84 38
51 73 4
19 65 42
56 86 13
55 72 13
38 86 11
11 64 49
36 84 32
23 90 4
48 124 60
59 119 55
29 91 8
19 90 1
5 86 38
12 84 56
48 67 6
48 67 20
50 120 25
56 97 34
28 93 61
21 127 40
42 110 30
1 122 67
33 117 65
21 94 9
13 98 30
38 98 39
20 116 86
23 82 20
40 86 36
34 73 9
25 65 10
54 93 36
25 64 7
57 84 2
